image: 229map.pgm
resolution: 0.025000
origin: [-4.728044, -4.834212, 0.000000]
negate: 0
occupied_thresh: 0.65
free_thresh: 0.196

