image: karto_219map.pgm
resolution: 0.025000
origin: [-3.441716, -3.618302, 0.000000]
negate: 0
occupied_thresh: 0.65
free_thresh: 0.196

