image: test1915.pgm
resolution: 0.050000
origin: [-7.700000, -4.957684, 0.000000]
negate: 0
occupied_thresh: 0.65
free_thresh: 0.196

